4294967294,0
4294967279,23
4294967279,21
4294967279,19
4294967279,18
4294967279,15
4294967279,14
4294967279,10
4294967294,50
4294967294,180
4294967294,179
4294967294,93
4294967294,95
4294967294,189
4294967294,191
4294967294,188
4294967294,30
4294967294,164
4294967294,163
4294967294,1
4294967294,46
4294967294,5
4294967294,36
4294967294,115
4294967294,386
4294967294,387
4294967294,165
4294967294,113
4294967294,167
4294967294,176
4294967294,92
4294967294,88
4294967294,39
4294967294,42
4294967294,1416
4294967294,51
4294967294,470
4294967294,471
4294967294,946
4294967278,183
4294967278,182
4294967278,181
4294967294,6
4294967294,969
4294967294,81
4294967294,11
4294967294,175
4294967294,183
4294967294,173
4294967294,82
4294967294,22
4294967294,17
4294967294,99
4294967294,76
4294967294,41
4294967294,43
4294967294,416
4294967294,52
4294967294,451
4294967294,443
4294967294,419
4294967294,1414
4294967294,83
4294967294,67
4294967294,18
4294967294,127
4294967294,14
4294967294,126
4294967294,20
4294967294,13
4294967294,166
4294967294,24
4294967294,12
4294967294,104
4294967294,106
4294967294,160
4294967294,119
4294967294,25
4294967294,168
4294967294,26
4294967294,162
4294967294,1413
4294967294,68
4294967278,132
4294967278,131
4294967278,130
4294967278,129
4294967278,128
4294967278,127
4294967278,126
4294967278,125
4294967278,124
4294967278,123
4294967278,122
4294967278,121
4294967278,120
4294967278,119
4294967278,118
4294967278,117
4294967278,116
4294967278,115
4294967278,114
4294967278,113
4294967278,112
4294967278,111
4294967278,110
4294967278,109
4294967278,108
4294967278,107
4294967278,106
4294967278,105
4294967278,104
4294967278,103
4294967278,102
4294967278,101
4294967278,100
4294967278,99
4294967278,98
4294967278,97
4294967278,96
4294967278,95
4294967278,94
4294967278,93
4294967278,92
4294967278,91
4294967278,90
4294967278,89
4294967278,87
4294967278,86
4294967278,85
4294967278,84
4294967278,83
4294967278,82
4294967278,81
4294967278,80
4294967278,79
4294967278,78
4294967278,77
4294967278,76
4294967278,75
4294967278,74
4294967278,73
4294967278,72
4294967278,71
4294967278,70
4294967278,69
4294967278,68
4294967278,66
4294967278,65
4294967278,64
4294967278,309
4294967278,63
4294967278,62
4294967278,307
4294967278,61
4294967278,60
4294967278,59
4294967278,58
4294967278,57
4294967278,301
4294967278,56
4294967278,55
4294967278,54
4294967278,53
4294967278,52
4294967278,51
4294967278,50
4294967278,0
4294967279,293
4294967279,45
4294967279,43
4294967279,41
4294967279,38
4294967279,37
4294967279,35
4294967279,31
4294967279,29
4294967279,27
4294967279,26
4294967279,286
4294967279,24
4294967279,22
4294967279,269
4294967279,20
4294967279,17
4294967279,16
4294967279,276
4294967279,13
4294967279,273
4294967279,12
4294967279,280
4294967279,11
4294967279,259
4294967279,9
4294967279,8
4294967279,7
4294967279,6
4294967279,5
4294967279,4
0,5
4294967278,335
4294967278,260
4294967278,67
4294967294,7
4294967279,516
4294967279,0
4294967294,436
4294967278,334
4294967279,515
4294967278,333
4294967279,514
4294967294,1419
24,5
24,4
24,3
24,2
24,1
22,4
22,3
22,2
22,1
4294967279,513
4294967278,332
4294967278,331
21,6
4294967278,330
21,5
21,4
21,3
21,2
21,1
20,5
20,4
20,3
20,2
20,1
4294967279,512
4294967278,329
4294967279,319
4294967279,318
19,5
19,4
19,3
19,2
19,1
4294967278,328
4294967278,327
18,5
18,4
18,3
18,2
18,1
17,4
17,3
17,2
17,1
4294967279,317
4294967278,302
4294967278,326
4294967278,325
4294967279,316
4294967278,324
4294967279,315
4294967279,314
4294967293,131
4294967293,130
4294967293,129
4294967293,128
4294967293,127
4294967293,126
4294967293,125
4294967293,124
4294967293,123
4294967293,122
4294967293,121
4294967293,120
4294967293,119
4294967293,118
4294967293,117
4294967293,116
4294967293,115
4294967293,114
4294967293,113
4294967293,112
4294967293,111
4294967293,110
4294967293,109
